PRAD	PAAD	LIHC	LUSC	LUAD	BLCA	READ	COAD	UC	OV	BRCA	length	totalCGs	GCcontent	freeEnergy	fragOrder
chr19_15342654_15342820-cg03562044	1	0	0	0	0	0	1	1	1	1	1	166	15	0.686746987951807	-63.5	39
chr6_26044142_26044281-cg15387132_cg07701237_cg26426142	0	0	0	0	0	0	1	1	1	1	1	139	8	0.460431654676259	-30.5	166
chr6_26044281_26044387-cg02221866	0	0	0	0	0	0	1	1	1	1	1	106	8	0.537735849056604	-31.5	136
chr14_103655557_103655607-cg01556502	0	0	1	1	0	1	1	0	1	1	1	50	6	0.72	-12.6999998092651	28
chr6_28175974_28176135-cg15786705	0	0	0	1	1	1	0	0	1	1	1	161	9	0.521739130434783	-42.2000007629395	165
chr3_62861059_62861159-cg13491481_cg25947544	0	0	0	0	0	1	0	0	1	1	1	100	9	0.6	-36.0999984741211	124
chr14_102026440_102026557-cg21174533	0	0	0	0	0	1	0	0	1	1	1	117	15	0.726495726495726	-48	74
chr17_36104197_36104362-cg09463047	0	0	0	0	0	0	0	0	1	1	1	165	13	0.715151515151515	-80.4000015258789	80
chr6_6007659_6007743-cg11564981	1	0	0	0	1	1	0	1	0	1	1	84	7	0.595238095238095	-17.5	61
chr1_169396590_169396736-cg00100121_cg00002719	1	1	0	1	1	1	1	1	1	0	1	146	10	0.60958904109589	-47.5	111
chr22_31481088_31481163-cg19446838	0	1	0	0	0	1	1	1	1	0	1	75	11	0.746666666666667	-16.7999992370605	81
chr11_133938825_133938963-cg02174225	0	0	0	0	0	1	1	1	1	0	1	138	16	0.746376811594203	-68.8000030517578	16
chr14_70654586_70654705-cg13652513	0	0	0	0	0	1	1	1	1	0	1	119	12	0.663865546218487	-31.2999992370605	51
chr6_30449046_30449193-cg18750167	0	0	0	0	1	0	1	1	1	0	1	147	13	0.693877551020408	-65.4000015258789	84
chr3_10206705_10206858-cg11029301	0	0	0	0	0	0	0	0	1	0	1	153	17	0.745098039215686	-68.8000030517578	122
chr19_12952011_12952146-cg14183976	0	0	0	0	0	0	0	0	1	0	1	135	16	0.703703703703704	-59.2999992370605	26
chr22_39784454_39784583-cg02038168	0	0	1	0	0	1	1	1	0	0	1	129	11	0.705426356589147	-55.2000007629395	54
chr19_30019355_30019439-cg05984554	0	1	0	0	0	1	1	1	0	0	1	84	8	0.69047619047619	-31.1000003814697	87
chr4_140201055_140201183-cg01733638	1	1	0	0	0	0	1	1	0	0	1	128	10	0.6640625	-54	95
chr5_158527562_158527646-cg16126280	0	0	0	0	0	1	0	1	0	0	1	84	6	0.678571428571429	-25.3999996185303	58
chr12_4379028_4379128-cg16611581	0	0	0	0	1	1	0	0	0	0	1	100	11	0.75	-40.4000015258789	96
chr5_114515817_114515960-cg13750123_cg10569615	0	0	0	0	0	1	0	0	0	0	1	143	10	0.622377622377622	-50.7000007629395	123
chr20_42543692_42543788-cg19595234	0	0	0	0	0	1	0	0	0	0	1	96	15	0.770833333333333	-38.7000007629395	21
chr7_27135711_27135843-cg26744375_cg04167903_cg06715976_cg02978421	0	1	1	0	1	0	0	0	0	0	1	132	14	0.643939393939394	-56.5	108
chr7_27135538_27135700-cg00288327_cg03700462	0	1	0	0	1	0	0	0	0	0	1	162	10	0.611111111111111	-51.7000007629395	1
chr7_27136454_27136544-cg10636403	0	1	0	0	1	0	0	0	0	0	1	90	8	0.666666666666667	-26.6000003814697	55
chr14_88790226_88790377-cg16385571	0	0	0	0	1	0	0	0	0	0	1	151	11	0.675496688741722	-42.9000015258789	135
chr19_49646057_49646183-cg04781584	0	0	0	1	0	0	0	0	0	0	1	126	8	0.642857142857143	-46.5999984741211	164
chr4_76555706_76555796-cg14263942	0	0	1	0	0	0	0	0	0	0	1	90	8	0.666666666666667	-32.9000015258789	41
chr12_4382165_4382300-cg24626079_cg15249639_cg13404421	1	1	0	0	0	0	0	0	0	0	1	135	8	0.6	-28.1000003814697	35
chr12_4383668_4383828-cg12382902_cg16994506	0	1	0	0	0	0	0	0	0	0	1	160	12	0.6375	-63.9000015258789	132
chr2_96990841_96990992-cg13997864	1	0	0	0	0	0	0	0	0	0	1	151	10	0.721854304635762	-68.0999984741211	105
chr22_21386856_21387028-cg24333469_cg05684406	1	0	0	0	0	0	0	0	0	0	1	172	16	0.715116279069767	-60.0999984741211	93
chr1_92950239_92950387-cg23807354_cg15394350_cg13930300	0	0	0	0	0	0	0	0	0	0	1	148	14	0.682432432432432	-64.4000015258789	46
chr1_154842974_154843101-cg10946435_cg03434847	0	0	0	0	0	0	0	0	0	0	1	127	7	0.622047244094488	-57	91
chr1_203087052_203087151-cg00992398	0	0	0	0	0	0	0	0	0	0	1	99	6	0.737373737373737	-45	118
chr2_27938289_27938451-cg03383158	0	0	0	0	0	0	0	0	0	0	1	162	22	0.783950617283951	-83.5999984741211	7
chr2_96990992_96991127-cg11270393	0	0	0	0	0	0	0	0	0	0	1	135	19	0.8	-68.6999969482422	2
chr2_127863590_127863762-cg00091827	0	0	0	0	0	0	0	0	0	0	1	172	16	0.744186046511628	-66	83
chr2_220300022_220300129-cg13437337	0	0	0	0	0	0	0	0	0	0	1	107	10	0.757009345794392	-50.7000007629395	3
chr2_233741043_233741109-cg05709124	0	0	0	0	0	0	0	0	0	0	1	66	9	0.651515151515151	-20.1000003814697	52
chr7_87974705_87974789-cg10649525	0	0	0	0	0	0	0	0	0	0	1	84	8	0.642857142857143	-28.8999996185303	133
chr8_23020847_23020980-cg23051664	0	0	0	0	0	0	0	0	0	0	1	133	16	0.609022556390977	-40.7999992370605	127
chr8_82192806_82192936-cg15147690	0	0	0	0	0	0	0	0	0	0	1	130	6	0.630769230769231	-41.9000015258789	151
chr9_80911694_80911853-cg13828183	0	0	0	0	0	0	0	0	0	0	1	159	16	0.710691823899371	-77.9000015258789	76
chr9_80912041_80912183-cg14052221	0	0	0	0	0	0	0	0	0	0	1	142	13	0.697183098591549	-53.7000007629395	107
chr11_66079685_66079815-cg19586661	0	0	0	0	0	0	0	0	0	0	1	130	14	0.7	-63.2000007629395	36
chr12_66216831_66216924-cg05481991	0	0	0	0	0	0	0	0	0	0	1	93	7	0.548387096774194	-23.8999996185303	73
chr14_88790084_88790162-cg10852609	0	0	0	0	0	0	0	0	0	0	1	78	8	0.730769230769231	-36.5999984741211	25
chr15_76628761_76628874-cg25901204	0	0	0	0	0	0	0	0	0	0	1	113	8	0.646017699115044	-38	59
chr16_21831569_21831646-cg16426482	0	0	0	0	0	0	0	0	0	0	1	77	7	0.61038961038961	-20	109
chr17_21454523_21454642-cg23291136	0	0	0	0	0	0	0	0	0	0	1	119	7	0.647058823529412	-41.2999992370605	152
chr17_36102915_36103042-cg09679923	0	0	0	0	0	0	0	0	0	0	1	127	5	0.393700787401575	-14.6999998092651	153
chr17_36103058_36103216-cg17652435	0	0	0	0	0	0	0	0	0	0	1	158	17	0.784810126582278	-95.6999969482422	19
chr6_31783138_31783256-cg11485463	0	0	0	0	0	1	1	1	1	1	0	118	6	0.635593220338983	-41.5999984741211	34
chr6_31783256_31783330-cg02704535_cg19677203_cg21122656	0	0	0	0	0	1	1	1	1	1	0	74	6	0.581081081081081	-20.5	106
chr6_31783330_31783415-cg22847691_cg12643366_cg15174834	0	0	0	0	0	1	1	1	1	1	0	85	5	0.588235294117647	-18.7999992370605	65
chr6_31783415_31783499-cg12883479_cg10598353_cg17494781	0	0	0	0	0	1	1	1	1	1	0	84	11	0.654761904761905	-26	125
chr2_219844612_219844772-cg06921464	0	0	0	0	0	0	0	0	1	1	0	160	6	0.5625	-53.5	159
chr10_43892738_43892799-cg04424930	0	0	0	0	0	0	0	0	1	1	0	61	4	0.622950819672131	-12.5	92
chr10_43892799_43892964-cg17824240	0	0	0	0	0	0	0	0	1	1	0	165	15	0.709090909090909	-77.8000030517578	20
chr12_14926967_14927126-cg19774315_cg08855729	0	0	0	0	0	0	0	0	1	1	0	159	8	0.459119496855346	-34.4000015258789	154
chr17_42092284_42092455-cg12259256	0	0	0	0	0	0	0	0	1	1	0	171	14	0.578947368421053	-53	138
chr19_50836539_50836698-cg01017355	0	0	0	0	0	0	0	0	1	1	0	159	10	0.672955974842767	-65.1999969482422	47
chr19_58280780_58280950-cg07685728_cg13636880	0	0	0	0	0	0	0	0	1	1	0	170	10	0.570588235294118	-55.2999992370605	89
chr19_58280950_58281108-cg24298255_cg18575209_cg20751795	0	0	0	0	0	0	0	0	1	1	0	158	10	0.607594936708861	-64.5	161
chr1_205399892_205399950-cg06849719	0	0	0	0	0	0	0	0	0	1	0	58	9	0.862068965517241	-25.5	4
chr2_109335666_109335803-cg09019916	0	0	0	0	0	0	0	0	0	1	0	137	7	0.496350364963504	-28.3999996185303	162
chr5_10307631_10307750-cg11882252	0	0	0	0	0	0	0	0	0	1	0	119	12	0.663865546218487	-50.2000007629395	78
chr10_119256147_119256294-cg01250961	0	0	0	0	0	0	0	0	0	1	0	147	9	0.578231292517007	-37.5999984741211	160
chr12_113909884_113910051-cg14868703	0	0	0	0	0	1	1	1	1	0	0	167	9	0.55688622754491	-57.5999984741211	30
chr11_32454937_32455039-cg02524954	0	0	0	0	0	0	1	1	1	0	0	102	9	0.637254901960784	-41	71
chr13_112760055_112760159-cg04832466	0	0	0	0	0	0	1	1	1	0	0	104	7	0.596153846153846	-18.7999992370605	82
chr1_119531070_119531222-cg14415885	0	0	0	0	0	0	1	0	1	0	0	152	7	0.592105263157895	-51.2999992370605	50
chr1_8014372_8014524-cg02737782	0	0	0	0	0	1	0	0	1	0	0	152	10	0.671052631578947	-61	131
chr20_44452793_44452894-cg04807470	0	0	0	0	1	0	0	0	1	0	0	101	10	0.722772277227723	-40.0999984741211	9
chr19_52207290_52207356-cg03671191	0	1	1	0	0	0	0	0	1	0	0	66	8	0.636363636363636	-19.7999992370605	77
chr19_52207557_52207687-cg13730743_cg05411953	0	1	1	0	0	0	0	0	1	0	0	130	11	0.707692307692308	-54.2999992370605	157
chr1_90308923_90309088-cg14565265	0	0	0	0	0	0	0	0	1	0	0	165	19	0.775757575757576	-80.9000015258789	14
chr1_219347101_219347259-cg05062446	0	0	0	0	0	0	0	0	1	0	0	158	25	0.734177215189873	-81.6999969482422	11
chr12_14927715_14927808-cg05081223	0	0	0	0	0	0	0	0	1	0	0	93	7	0.634408602150538	-31.7000007629395	38
chr18_5238692_5238831-cg20134241	0	0	0	0	0	0	0	0	1	0	0	139	6	0.568345323741007	-34.0999984741211	116
chr7_155167407_155167549-cg02344820	0	0	0	0	1	1	1	1	0	0	0	142	15	0.549295774647887	-39.5	150
chr19_59074344_59074486-cg17735983	0	1	0	0	0	1	1	1	0	0	0	142	19	0.704225352112676	-63.2000007629395	119
chr3_186857275_186857368-cg06190677	0	0	0	0	0	1	1	1	0	0	0	93	11	0.752688172043011	-36.5999984741211	29
chr19_18119041_18119152-cg07721276	0	0	0	0	0	1	1	1	0	0	0	111	15	0.630630630630631	-38.5	148
chr18_59560167_59560241-cg06464594	1	0	0	0	1	0	1	1	0	0	0	74	7	0.662162162162162	-19.1000003814697	128
chr15_61521898_61522019-cg20006924	0	0	0	0	1	0	1	1	0	0	0	121	8	0.611570247933884	-38.5	33
chr6_28555040_28555164-cg15051226	0	1	0	0	0	0	1	1	0	0	0	124	10	0.653225806451613	-44.7999992370605	129
chr19_56159168_56159328-cg27537628	0	1	0	0	0	0	1	1	0	0	0	160	8	0.56875	-47.0999984741211	146
chr19_56159378_56159495-cg08496742	0	1	0	0	0	0	1	1	0	0	0	117	13	0.717948717948718	-50.7999992370605	86
chr1_77748105_77748255-cg17014953	0	0	0	0	0	0	1	1	0	0	0	150	12	0.673333333333333	-58.0999984741211	79
chr1_120839352_120839464-cg00198436	0	0	0	0	0	0	1	1	0	0	0	112	7	0.553571428571429	-27.7000007629395	167
chr2_100938368_100938474-cg14348439	0	0	0	0	0	0	1	1	0	0	0	106	14	0.716981132075472	-44.5999984741211	57
chr2_100938777_100938823-cg23977631_cg14997226	0	0	0	0	0	0	1	1	0	0	0	46	6	0.739130434782609	-16	66
chr2_100938865_100938944-cg14675211	0	0	0	0	0	0	1	1	0	0	0	79	9	0.645569620253165	-30.6000003814697	37
chr4_156297786_156297883-cg15397448	0	0	0	0	0	0	1	1	0	0	0	97	12	0.731958762886598	-27.7000007629395	112
chr7_55086055_55086182-cg07311521	0	0	0	0	0	0	1	1	0	0	0	127	10	0.62992125984252	-50.7000007629395	70
chr7_133811709_133811854-cg17676607	0	0	0	0	0	0	1	1	0	0	0	145	7	0.482758620689655	-39.5	134
chr9_124132126_124132227-cg07190485	0	0	0	0	0	0	1	1	0	0	0	101	9	0.693069306930693	-42.2999992370605	103
chr10_7452257_7452407-cg01056653	0	0	0	0	0	0	1	1	0	0	0	150	14	0.606666666666667	-49.2000007629395	158
chr12_130527013_130527056-cg15584445	0	0	0	0	0	0	1	1	0	0	0	43	4	0.744186046511628	-15.3999996185303	17
chr13_28397237_28397377-cg20402552	0	0	0	0	0	0	1	1	0	0	0	140	10	0.571428571428571	-46.5	155
chr13_108520215_108520353-cg13582072	0	0	0	0	0	0	1	1	0	0	0	138	12	0.601449275362319	-47.7000007629395	97
chr13_112330913_112331032-cg09984047	0	0	0	0	0	0	1	1	0	0	0	119	8	0.554621848739496	-41.2000007629395	121
chr15_45670254_45670421-cg14910265	0	0	0	0	0	0	1	1	0	0	0	167	15	0.724550898203593	-81.4000015258789	126
chr19_19322807_19322932-cg17767542	0	0	0	0	0	0	1	1	0	0	0	125	13	0.68	-45	120
chr19_37464185_37464285-cg12537168	0	0	0	0	0	0	1	1	0	0	0	100	9	0.65	-35.2999992370605	69
chr19_57862439_57862500-cg17849956	0	0	0	0	0	0	1	1	0	0	0	61	6	0.622950819672131	-18.3999996185303	68
chr16_55405136_55405205-cg01317772	0	0	0	0	1	0	0	1	0	0	0	69	7	0.63768115942029	-17.2000007629395	99
chr6_26250654_26250762-cg15386964	0	1	1	0	1	1	0	0	0	0	0	108	12	0.638888888888889	-41.0999984741211	144
chr10_134600826_134600967-cg08444220	0	0	1	0	0	1	0	0	0	0	0	141	18	0.75177304964539	-77.4000015258789	53
chr1_26662532_26662609-cg23053573	0	0	0	0	0	1	0	0	0	0	0	77	7	0.779220779220779	-15.3999996185303	40
chr3_187457470_187457565-cg20367852	0	0	0	0	0	1	0	0	0	0	0	95	8	0.652631578947368	-25.7999992370605	115
chr5_125930527_125930672-cg01814098	0	0	0	0	0	1	0	0	0	0	0	145	11	0.572413793103448	-43.4000015258789	67
chr10_22518401_22518536-cg19375296	0	0	0	0	0	1	0	0	0	0	0	135	12	0.57037037037037	-35	98
chr10_126107452_126107513-cg18152871	0	0	0	0	0	1	0	0	0	0	0	61	7	0.60655737704918	-19.7000007629395	23
chr10_126107513_126107679-cg10140171_cg03092918_cg03468945	0	0	0	0	0	1	0	0	0	0	0	166	19	0.680722891566265	-67.8000030517578	101
chr10_126107704_126107773-cg00073771	0	0	0	0	0	1	0	0	0	0	0	69	6	0.652173913043478	-23.5	24
chr16_67189531_67189674-cg01961069	0	0	0	0	0	1	0	0	0	0	0	143	18	0.748251748251748	-71	90
chr17_48619726_48619810-cg12791192	0	0	0	0	0	1	0	0	0	0	0	84	6	0.595238095238095	-26.6000003814697	145
chr1_228645266_228645425-cg26107850_cg06893138	0	0	1	0	1	0	0	0	0	0	0	159	23	0.679245283018868	-65.5999984741211	142
chr7_27224074_27224216-cg04619603_cg09219451	0	0	0	0	1	0	0	0	0	0	0	142	22	0.73943661971831	-54.5	94
chr17_59539420_59539531-cg26881527	0	0	0	1	0	0	0	0	0	0	0	111	10	0.567567567567568	-26.7000007629395	141
chr19_10406324_10406429-cg25470077	0	0	0	1	0	0	0	0	0	0	0	105	7	0.666666666666667	-41.0999984741211	88
chr1_39957528_39957576-cg10523966	0	0	1	0	0	0	0	0	0	0	0	48	8	0.8125	-14.5	49
chr2_206546592_206546687-cg24319718	0	0	1	0	0	0	0	0	0	0	0	95	10	0.589473684210526	-35.7999992370605	130
chr3_140660551_140660701-cg01362570	0	0	1	0	0	0	0	0	0	0	0	150	15	0.626666666666667	-44.5999984741211	45
chr3_140660701_140660760-cg08100565	0	0	1	0	0	0	0	0	0	0	0	59	6	0.711864406779661	-24.7000007629395	104
chr4_53728500_53728547-cg23337116	0	0	1	0	0	0	0	0	0	0	0	47	6	0.765957446808511	-11.6999998092651	64
chr6_159290750_159290846-cg26992213	0	0	1	0	0	0	0	0	0	0	0	96	16	0.6875	-45	75
chr7_6543002_6543124-cg18209835	0	0	1	0	0	0	0	0	0	0	0	122	13	0.762295081967213	-59.7999992370605	56
chr8_104383627_104383781-cg20447655_cg11889769	0	0	1	0	0	0	0	0	0	0	0	154	17	0.720779220779221	-68.5	5
chr8_104383781_104383950-cg21643403	0	0	1	0	0	0	0	0	0	0	0	169	21	0.775147928994083	-78.6999969482422	10
chr11_13690613_13690746-cg04012924	0	0	1	0	0	0	0	0	0	0	0	133	14	0.736842105263158	-60.5	62
chr12_105478300_105478410-cg04892391	0	0	1	0	0	0	0	0	0	0	0	110	10	0.736363636363636	-32.9000015258789	143
chr13_45150002_45150083-cg18028711	0	0	1	0	0	0	0	0	0	0	0	81	9	0.641975308641975	-26.1000003814697	32
chr13_107188292_107188458-cg04321866	0	0	1	0	0	0	0	0	0	0	0	166	23	0.728915662650602	-84.4000015258789	100
chr16_23193808_23193946-cg08681432	0	0	1	0	0	0	0	0	0	0	0	138	18	0.789855072463768	-74.4000015258789	6
chr16_47177555_47177655-cg07869548	0	0	1	0	0	0	0	0	0	0	0	100	16	0.8	-51.9000015258789	18
chr17_19648373_19648467-cg19435033	0	0	1	0	0	0	0	0	0	0	0	94	11	0.712765957446808	-35.7000007629395	139
chr17_29298153_29298325-cg13204512	0	0	1	0	0	0	0	0	0	0	0	172	17	0.75	-81.9000015258789	15
chr17_29298325_29298457-cg16579555	0	0	1	0	0	0	0	0	0	0	0	132	18	0.765151515151515	-47.2999992370605	60
chr19_11450217_11450297-cg05554936	0	0	1	0	0	0	0	0	0	0	0	80	8	0.7375	-31.7999992370605	63
chr19_42901298_42901413-cg14216029	0	0	1	0	0	0	0	0	0	0	0	115	10	0.626086956521739	-45.7999992370605	113
chr1_714463_714572-cg04496485	0	1	0	0	0	0	0	0	0	0	0	109	10	0.752293577981651	-46.2999992370605	110
chr2_10861473_10861624-cg22834096	0	1	0	0	0	0	0	0	0	0	0	151	23	0.774834437086093	-72.6999969482422	72
chr3_27411006_27411087-cg05435286_cg22415969	0	1	0	0	0	0	0	0	0	0	0	81	9	0.617283950617284	-15.3999996185303	117
chr6_32055454_32055547-cg09996288	0	1	0	0	0	0	0	0	0	0	0	93	8	0.645161290322581	-45.5999984741211	147
chr12_49374300_49374357-cg04154903	0	1	0	0	0	0	0	0	0	0	0	57	7	0.807017543859649	-24.1000003814697	31
chr15_100881444_100881549-cg07394446	0	1	0	0	0	0	0	0	0	0	0	105	19	0.876190476190476	-62.7000007629395	8
chr17_20812067_20812229-cg00984997	0	1	0	0	0	0	0	0	0	0	0	162	8	0.561728395061728	-52.9000015258789	140
chr1_33938185_33938321-cg18139020_cg13303553	1	0	0	0	0	0	0	0	0	0	0	136	14	0.705882352941177	-59.5	22
chr1_40781244_40781366-cg20145692	1	0	0	0	0	0	0	0	0	0	0	122	11	0.680327868852459	-50.0999984741211	85
chr3_72788193_72788342-cg10804678	1	0	0	0	0	0	0	0	0	0	0	149	12	0.63758389261745	-57.9000015258789	27
chr5_10761671_10761767-cg11027354	1	0	0	0	0	0	0	0	0	0	0	96	12	0.791666666666667	-52.0999984741211	48
chr5_43604120_43604231-cg09489281	1	0	0	0	0	0	0	0	0	0	0	111	8	0.666666666666667	-53.5	12
chr7_25219403_25219560-cg12574408	1	0	0	0	0	0	0	0	0	0	0	157	11	0.662420382165605	-63.9000015258789	149
chr8_10872559_10872665-cg26237168	1	0	0	0	0	0	0	0	0	0	0	106	6	0.594339622641509	-34	156
chr8_119122816_119122959-cg21602557	1	0	0	0	0	0	0	0	0	0	0	143	8	0.517482517482518	-43.5999984741211	163
chr9_27529776_27529932-cg04469167	1	0	0	0	0	0	0	0	0	0	0	156	18	0.685897435897436	-60.4000015258789	44
chr9_124991337_124991490-cg13648318	1	0	0	0	0	0	0	0	0	0	0	153	10	0.61437908496732	-35.5999984741211	102
chr11_35160365_35160534-cg17640322	1	0	0	0	0	0	0	0	0	0	0	169	14	0.662721893491124	-57.2999992370605	137
chr14_92979675_92979849-cg12169365	1	0	0	0	0	0	0	0	0	0	0	174	15	0.683908045977011	-77.0999984741211	114
chr15_89438534_89438677-cg02231729	1	0	0	0	0	0	0	0	0	0	0	143	11	0.755244755244755	-57.7999992370605	43
chr20_2505839_2506006-cg26282655	1	0	0	0	0	0	0	0	0	0	0	167	18	0.676646706586826	-46.7999992370605	42
chr20_42955364_42955509-cg08268798	1	0	0	0	0	0	0	0	0	0	0	145	18	0.751724137931034	-70.5999984741211	13
